m = 0.022; % 可以更改此变量调试
r = 0.07/2;
I = 0.5*m*r^2;
M = 0.757-2*m;
l = 0.5*0.8;
J_p = (1/12)*M*(0.3^2+0.08^2);
d = 0.1612;
J_delta = (1/12)*M*(0.0930^2+0.0530^2);
g = 9.8;


Ts = 0.1; % 模糊控制器的采样时间

% 神经网络系数
Kp = -1000; % 使得P处于[-1000,0]的范围中
Ki = -1000; % 使得I处于[-1000,0]的范围中
Kd = -2000; % 使得D处于[-2000,0]的范围中

T = 0.01; %0.001;
alpha = 0.5; % 学习率
