h1 = 0.0308;
h2 = 0.0106;
h3 = 0.0095;
h4 = 0.2086;
h5 = 0.0631;
g = 9.8;
